38.5442562424
38.5583740782
38.607375421
38.6654058068
38.620880074
38.681226477
38.7960887194
38.5459885434
38.4961605216
38.5321062958
38.5321062958
38.5321062958
45.4103779092
45.4103779092
45.4103779092
46.4698557902
47.7120352927
47.4736482392
47.4736482392
47.4736482392
47.4736482392
47.4736482392
47.4736482392
47.4736482392
47.4736482392
47.4736482392
47.4736482392
47.4736482392
47.2896032463
47.3674608259
47.2122121166
48.408868135
49.016946004
48.6176753293
48.5885958062
47.0211275941
43.6767025229
47.3447184597
47.6537464891
47.9127192109
47.9955097952
48.3314683643
