1.13502 0
2.25689 0
3.37874 0
4.46541 0
5.3818 0.00401427
5.64353 0.331737
4.21532 2.0393
1.95706 4.84879
1.25545 5.82133
0.929058 6.26667
0.692664 6.67608
0.590675 6.8241
0.47179 6.99919
0.406435 7.09324
0.40749 7.14341
0.386302 7.15657
0.385443 7.13223
0.385399 7.1381
0.367389 7.15737
0.358178 7.16969
0.362341 7.13878
0.356476 7.13364
0.344218 7.13845
0.347275 7.08966
0.340402 7.05633
0.339206 7.05416
0.333295 6.98612
0.329223 6.98774
0.325142 6.92514
0.324292 6.90414
0.323278 6.86647
0.316151 6.80521
0.316111 6.76431
0.321408 6.73562
0.318201 6.70026
0.312391 6.66668
0.316257 6.64339
0.315343 6.60298
0.313197 6.57109
0.312392 6.52719
0.311363 6.51763
0.313435 6.50487
0.311454 6.45541
0.307238 6.42507
0.308297 6.3712
0.31528 6.38366
0.316219 6.34136
0.317419 6.3325
0.315239 6.29883
0.314473 6.28957
0.316366 6.2713
0.316188 6.27179
0.313395 6.25275
0.314347 6.25584
0.310167 6.23225
0.311423 6.2164
0.314295 6.20478
0.310464 6.20544
0.311405 6.18502
0.308398 6.18878
0.308398 6.18878
0.308398 6.18878
0.308398 6.18878
0.301343 5.94673
0.134327 2.48742
0.0663882 1.82217
0.0482864 1.39653
0.0532894 0.560635
0.705482 0.718546
0.471006 0.440864
0.0936652 0.851774
0.454768 0.458564
0.454768 0.458564
0.0983277 0.65903
0.783636 0.916413
0.785019 0
1.46301 0
1.71928 0
1.74713 0
1.74347 0
1.20723 0.679844
0.739044 0.885782
0.351279 0.850387
0.12282 0.628869
0.0616454 0.839698
0.0690809 0.867715
1.46662 0
1.73441 0
0.0567887 0.770235
6.42789 0
6.42789 0
